Date,Time,DayHigh,DayHighTime,DayLow,DayLowTime,IsDayHighBreak,DayHighBreakTime,IsDayLowBreak,DayLowBreakTime,ComesBackToDayHigh,ComesBackToDayLow,TargetHigh,TargetHighTime,points_from_target_high,percentChangeTargetHigh,SLHigh,SLHighTime,points_from_SL_High,percentageChangeSLHigh,TargetLow,TargetLowTime,points_from_Target_Low,percentageChangeTargetLow,SLLow,SLLowTime,points_from_SL_low,percentageChangeSLLow,Closing,ClosingPointDiffForHigh,ClosingPointDiffForLow,noBreak
20230102,11:00,18189.90,10:39,18087.55,09:31,True,11:03,False,N/A,True,False,18215.09,15:28,25.19,0.14,18123.20,14:20,-66.70,-0.37,0.00,N/A,0.00,0.0,0.00,N/A,0.00,0.0,18208.65,18.75,0.00,False
20230103,11:00,18238.59,10:36,18149.95,09:27,True,11:13,False,N/A,True,False,18251.84,14:51,13.25,0.07,18162.50,12:24,-76.09,-0.42,0.00,N/A,0.00,0.0,0.00,N/A,0.00,0.0,18230.80,-7.79,0.00,False
20230104,11:00,18241.20,09:15,18114.00,10:00,False,N/A,True,11:05,False,True,0.00,N/A,0.00,0.0,0.00,N/A,0.00,0.0,18022.59,14:52,91.41,0.5,18136.34,11:01,-22.34,-0.12,18032.30,0.00,81.70,False
20230105,11:00,18119.05,09:34,18013.90,10:09,False,N/A,True,11:32,False,True,0.00,N/A,0.00,0.0,0.00,N/A,0.00,0.0,17892.59,13:28,121.31,0.67,18045.09,11:19,-31.19,-0.17,18001.80,0.00,12.10,False
20230106,11:00,18046.59,09:36,17920.90,10:42,False,N/A,True,11:01,False,True,0.00,N/A,0.00,0.0,0.00,N/A,0.00,0.0,17796.15,13:30,124.75,0.7,17948.75,11:59,-27.85,-0.16,17863.50,0.00,57.40,False
20230109,11:00,18101.09,10:31,17936.70,09:15,True,11:13,False,N/A,True,False,18141.00,12:16,39.91,0.22,17997.65,13:51,-103.44,-0.57,0.00,N/A,0.00,0.0,0.00,N/A,0.00,0.0,18093.75,-7.34,0.00,False
20230110,11:00,18122.90,09:15,17947.55,10:46,False,N/A,True,11:15,False,True,0.00,N/A,0.00,0.0,0.00,N/A,0.00,0.0,17857.25,14:45,90.30,0.5,17974.70,12:31,-27.15,-0.15,17924.40,0.00,23.15,False
20230111,11:00,17975.40,10:30,17825.34,09:26,False,N/A,False,N/A,False,False,0.00,N/A,0.00,0.0,0.00,N/A,0.00,0.0,0.00,N/A,0.00,0.0,0.00,N/A,0.00,0.0,17891.05,0.00,0.00,True
20230112,11:00,17944.80,09:35,17812.00,10:32,False,N/A,True,11:10,False,True,0.00,N/A,0.00,0.0,0.00,N/A,0.00,0.0,17762.25,13:42,49.75,0.28,17869.25,15:27,-57.25,-0.32,17865.90,0.00,-53.90,False
20230113,11:00,17869.09,09:15,17774.55,10:08,True,12:20,False,N/A,True,False,17998.95,14:10,129.86,0.73,17808.90,11:01,-60.19,-0.34,0.00,N/A,0.00,0.0,0.00,N/A,0.00,0.0,17959.00,89.91,0.00,False
20230116,11:00,18049.65,09:16,17943.05,09:51,False,N/A,True,11:18,False,True,0.00,N/A,0.00,0.0,0.00,N/A,0.00,0.0,17854.15,14:01,88.90,0.5,17976.55,11:03,-33.50,-0.19,17894.80,0.00,48.25,False
20230117,11:00,18029.84,10:34,17888.20,09:17,True,15:00,False,N/A,True,False,18070.50,15:20,40.66,0.23,17926.70,13:26,-103.14,-0.57,0.00,N/A,0.00,0.0,0.00,N/A,0.00,0.0,18057.95,28.11,0.00,False
20230118,11:00,18131.59,10:11,18032.59,09:27,True,11:08,False,N/A,True,False,18183.20,14:46,51.61,0.28,18112.30,11:03,-19.29,-0.11,0.00,N/A,0.00,0.0,0.00,N/A,0.00,0.0,18168.09,36.50,0.00,False
20230119,11:00,18139.05,09:17,18064.30,10:10,True,11:02,False,N/A,True,False,18155.09,11:03,16.04,0.09,18084.95,15:29,-54.10,-0.3,0.00,N/A,0.00,0.0,0.00,N/A,0.00,0.0,18090.65,-48.40,0.00,False
20230120,11:00,18144.65,10:47,18069.45,09:45,False,N/A,True,13:56,False,True,0.00,N/A,0.00,0.0,0.00,N/A,0.00,0.0,18017.45,15:20,52.00,0.29,18122.80,11:06,-53.35,-0.3,18023.70,0.00,45.75,False
20230123,11:00,18161.70,10:01,18064.75,09:25,False,N/A,False,N/A,False,False,0.00,N/A,0.00,0.0,0.00,N/A,0.00,0.0,0.00,N/A,0.00,0.0,0.00,N/A,0.00,0.0,18106.25,0.00,0.00,True
20230124,11:00,18200.75,09:37,18126.20,10:11,False,N/A,True,11:56,False,True,0.00,N/A,0.00,0.0,0.00,N/A,0.00,0.0,18079.15,13:56,47.05,0.26,18173.09,11:06,-46.89,-0.26,18105.30,0.00,20.90,False
20230125,11:00,18093.34,09:15,17909.84,10:59,False,N/A,True,11:22,False,True,0.00,N/A,0.00,0.0,0.00,N/A,0.00,0.0,17846.59,11:31,63.25,0.35,17946.84,14:10,-37.00,-0.21,17909.20,0.00,0.64,False
20230127,11:00,17877.20,09:15,17667.95,10:21,False,N/A,True,11:40,False,True,0.00,N/A,0.00,0.0,0.00,N/A,0.00,0.0,17494.20,14:25,173.75,0.98,17701.30,11:08,-33.35,-0.19,17621.84,0.00,46.11,False
20230130,11:00,17708.50,09:36,17446.25,09:18,False,N/A,True,13:49,False,True,0.00,N/A,0.00,0.0,0.00,N/A,0.00,0.0,17406.30,13:53,39.95,0.23,17675.20,15:02,-228.95,-1.31,17661.25,0.00,-215.00,False
20230131,11:00,17731.45,09:15,17539.00,10:12,False,N/A,False,N/A,False,False,0.00,N/A,0.00,0.0,0.00,N/A,0.00,0.0,0.00,N/A,0.00,0.0,0.00,N/A,0.00,0.0,17681.84,0.00,0.00,True
20230202,11:00,17653.50,09:50,17448.00,09:17,False,N/A,False,N/A,False,False,0.00,N/A,0.00,0.0,0.00,N/A,0.00,0.0,0.00,N/A,0.00,0.0,0.00,N/A,0.00,0.0,17604.84,0.00,0.00,True
20230203,11:00,17725.50,09:15,17584.34,10:45,True,13:40,False,N/A,True,False,17869.84,15:04,144.34,0.81,17587.25,11:31,-138.25,-0.78,0.00,N/A,0.00,0.0,0.00,N/A,0.00,0.0,17829.15,103.65,0.00,False
20230206,11:00,17818.55,09:15,17698.90,10:56,False,N/A,False,N/A,False,False,0.00,N/A,0.00,0.0,0.00,N/A,0.00,0.0,0.00,N/A,0.00,0.0,0.00,N/A,0.00,0.0,17759.84,0.00,0.00,True
20230207,11:00,17810.84,09:25,17731.05,09:47,False,N/A,True,11:45,False,True,0.00,N/A,0.00,0.0,0.00,N/A,0.00,0.0,17652.59,13:15,78.46,0.44,17778.59,14:56,-47.54,-0.27,17717.70,0.00,13.35,False
20230208,11:00,17878.40,10:06,17745.30,09:16,True,11:45,False,N/A,True,False,17898.55,15:00,20.15,0.11,17823.84,11:01,-54.56,-0.31,0.00,N/A,0.00,0.0,0.00,N/A,0.00,0.0,17860.59,-17.81,0.00,False
20230209,11:00,17885.50,09:15,17780.50,09:45,True,13:49,False,N/A,True,False,17915.55,14:06,30.05,0.17,17822.80,12:42,-62.70,-0.35,0.00,N/A,0.00,0.0,0.00,N/A,0.00,0.0,17901.55,16.05,0.00,False
20230210,11:00,17870.09,09:17,17801.15,09:49,True,11:23,False,N/A,True,False,17876.95,11:25,6.86,0.04,17815.09,13:17,-55.00,-0.31,0.00,N/A,0.00,0.0,0.00,N/A,0.00,0.0,17846.40,-23.69,0.00,False
20230213,11:00,17879.80,09:20,17736.09,10:08,False,N/A,True,12:16,False,True,0.00,N/A,0.00,0.0,0.00,N/A,0.00,0.0,17720.25,12:22,15.84,0.09,17802.80,14:59,-66.71,-0.38,17766.20,0.00,-30.11,False
20230214,11:00,17857.95,09:35,17800.45,09:45,True,11:06,False,N/A,True,False,17954.45,14:02,96.50,0.54,17832.30,11:01,-25.65,-0.14,0.00,N/A,0.00,0.0,0.00,N/A,0.00,0.0,17921.70,63.75,0.00,False
20230215,11:00,17939.50,10:25,17853.90,09:43,True,11:13,False,N/A,True,False,18033.80,15:27,94.30,0.53,17904.30,12:28,-35.20,-0.2,0.00,N/A,0.00,0.0,0.00,N/A,0.00,0.0,18019.80,80.30,0.00,False
20230216,11:00,18134.00,09:44,18063.40,09:15,False,N/A,True,12:37,False,True,0.00,N/A,0.00,0.0,0.00,N/A,0.00,0.0,18001.05,15:28,62.35,0.35,18124.50,11:02,-61.10,-0.34,18005.90,0.00,57.50,False
20230217,11:00,18033.70,09:57,17928.95,09:15,False,N/A,True,12:58,False,True,0.00,N/A,0.00,0.0,0.00,N/A,0.00,0.0,17885.95,13:45,43.00,0.24,17999.84,11:27,-70.89,-0.4,17943.34,0.00,-14.39,False
20230220,11:00,18003.95,10:08,17903.59,09:35,False,N/A,True,12:40,False,True,0.00,N/A,0.00,0.0,0.00,N/A,0.00,0.0,17818.75,14:28,84.84,0.47,17969.50,11:18,-65.91,-0.37,17848.05,0.00,55.54,False
20230221,11:00,17924.40,10:33,17839.15,09:40,False,N/A,True,12:23,False,True,0.00,N/A,0.00,0.0,0.00,N/A,0.00,0.0,17800.59,14:56,38.56,0.22,17916.65,11:16,-77.50,-0.43,17838.25,0.00,0.90,False
20230222,11:00,17771.84,09:16,17652.20,10:52,False,N/A,True,11:33,False,True,0.00,N/A,0.00,0.0,0.00,N/A,0.00,0.0,17529.55,14:17,122.65,0.69,17677.40,11:26,-25.20,-0.14,17548.30,0.00,103.90,False
20230223,11:00,17619.40,10:31,17456.70,09:47,False,N/A,False,N/A,False,False,0.00,N/A,0.00,0.0,0.00,N/A,0.00,0.0,0.00,N/A,0.00,0.0,0.00,N/A,0.00,0.0,17515.40,0.00,0.00,True
20230224,11:00,17599.75,09:20,17507.65,11:00,False,N/A,True,11:01,False,True,0.00,N/A,0.00,0.0,0.00,N/A,0.00,0.0,17422.55,14:18,85.10,0.49,17534.84,11:32,-27.19,-0.16,17466.40,0.00,41.25,False
20230227,11:00,17450.75,09:30,17301.70,10:15,False,N/A,True,13:12,False,False,0.00,N/A,0.00,0.0,0.00,N/A,0.00,0.0,17300.09,13:12,1.61,0.01,17411.05,15:27,-109.35,-0.63,17405.55,0.00,-103.85,False
20230228,11:00,17440.20,09:35,17346.40,10:47,False,N/A,True,11:42,False,True,0.00,N/A,0.00,0.0,0.00,N/A,0.00,0.0,17255.90,14:09,90.50,0.52,17401.15,12:21,-54.75,-0.32,17312.40,0.00,34.00,False
20230301,11:00,17427.00,10:42,17353.45,09:15,True,11:14,False,N/A,True,False,17467.50,14:45,40.50,0.23,17393.59,12:21,-33.41,-0.19,0.00,N/A,0.00,0.0,0.00,N/A,0.00,0.0,17453.40,26.40,0.00,False
20230302,11:00,17444.55,09:15,17344.45,10:00,False,N/A,True,13:32,False,True,0.00,N/A,0.00,0.0,0.00,N/A,0.00,0.0,17306.50,14:04,37.95,0.22,17401.80,12:06,-57.35,-0.33,17314.59,0.00,29.86,False
20230303,11:00,17555.84,10:49,17430.50,09:15,True,11:22,False,N/A,True,False,17644.70,14:56,88.86,0.51,17534.90,11:15,-20.94,-0.12,0.00,N/A,0.00,0.0,0.00,N/A,0.00,0.0,17591.20,35.36,0.00,False
20230306,11:00,17798.34,10:49,17680.34,09:15,False,N/A,False,N/A,False,False,0.00,N/A,0.00,0.0,0.00,N/A,0.00,0.0,0.00,N/A,0.00,0.0,0.00,N/A,0.00,0.0,17721.65,0.00,0.00,True
20230308,11:00,17711.70,10:32,17603.55,09:20,True,14:03,False,N/A,True,False,17766.40,15:24,54.70,0.31,17645.90,12:15,-65.80,-0.37,0.00,N/A,0.00,0.0,0.00,N/A,0.00,0.0,17754.30,42.60,0.00,False
20230309,11:00,17772.05,09:15,17668.95,10:16,False,N/A,True,12:20,False,True,0.00,N/A,0.00,0.0,0.00,N/A,0.00,0.0,17574.70,15:20,94.25,0.53,17723.40,11:31,-54.45,-0.31,17583.55,0.00,85.40,False
20230310,11:00,17443.80,09:15,17326.00,09:42,False,N/A,False,N/A,False,False,0.00,N/A,0.00,0.0,0.00,N/A,0.00,0.0,0.00,N/A,0.00,0.0,0.00,N/A,0.00,0.0,17415.50,0.00,0.00,True
20230313,11:00,17529.05,09:30,17388.50,09:15,False,N/A,True,11:06,False,True,0.00,N/A,0.00,0.0,0.00,N/A,0.00,0.0,17114.75,15:08,273.75,1.57,17427.25,11:01,-38.75,-0.22,17186.75,0.00,201.75,False
20230314,11:00,17224.09,09:36,17067.25,10:33,False,N/A,True,11:01,False,True,0.00,N/A,0.00,0.0,0.00,N/A,0.00,0.0,16987.50,14:16,79.75,0.47,17185.70,12:31,-118.45,-0.69,17062.45,0.00,4.80,False
20230315,11:00,17210.59,09:16,17103.00,10:48,False,N/A,True,11:05,False,True,0.00,N/A,0.00,0.0,0.00,N/A,0.00,0.0,16940.34,15:18,162.66,0.95,17159.30,11:33,-56.30,-0.33,16968.40,0.00,134.60,False
20230316,11:00,17028.30,10:57,16850.40,09:52,True,11:01,False,N/A,True,False,17062.20,14:25,33.90,0.2,16910.40,12:31,-117.90,-0.69,0.00,N/A,0.00,0.0,0.00,N/A,0.00,0.0,17005.50,-22.80,0.00,False
20230317,11:00,17144.40,09:17,17046.30,10:51,False,N/A,True,11:05,False,True,0.00,N/A,0.00,0.0,0.00,N/A,0.00,0.0,16958.45,13:04,87.85,0.52,17125.90,15:29,-79.60,-0.47,17120.40,0.00,-74.10,False
20230320,11:00,17066.59,09:15,16882.25,10:22,False,N/A,True,11:59,False,True,0.00,N/A,0.00,0.0,0.00,N/A,0.00,0.0,16830.75,13:03,51.50,0.31,17008.45,15:26,-126.20,-0.75,17002.80,0.00,-120.55,False
20230321,11:00,17085.75,10:27,17016.65,09:50,True,13:00,False,N/A,True,False,17127.09,14:53,41.34,0.24,17022.55,11:58,-63.20,-0.37,0.00,N/A,0.00,0.0,0.00,N/A,0.00,0.0,17106.00,20.25,0.00,False
20230322,11:00,17207.15,09:19,17127.15,10:59,False,N/A,True,11:02,False,True,0.00,N/A,0.00,0.0,0.00,N/A,0.00,0.0,17108.80,11:06,18.35,0.11,17165.40,12:32,-38.25,-0.22,17151.40,0.00,-24.25,False
20230323,11:00,17171.90,10:33,17046.09,09:30,True,12:17,False,N/A,True,False,17205.05,12:50,33.15,0.19,17057.40,15:09,-114.50,-0.67,0.00,N/A,0.00,0.0,0.00,N/A,0.00,0.0,17065.75,-106.15,0.00,False
20230324,11:00,17108.55,09:18,16995.40,09:31,False,N/A,True,14:29,False,True,0.00,N/A,0.00,0.0,0.00,N/A,0.00,0.0,16918.50,15:24,76.90,0.45,17097.95,12:22,-102.55,-0.6,16933.70,0.00,61.70,False
20230327,11:00,17044.84,10:16,16919.40,09:23,True,12:10,False,N/A,True,False,17090.75,14:39,45.91,0.27,16953.95,15:23,-90.89,-0.53,0.00,N/A,0.00,0.0,0.00,N/A,0.00,0.0,16961.25,-83.59,0.00,False
20230328,11:00,17061.50,09:21,16930.34,11:00,False,N/A,True,13:55,False,True,0.00,N/A,0.00,0.0,0.00,N/A,0.00,0.0,16914.20,14:13,16.14,0.1,16991.75,11:51,-61.41,-0.36,16964.90,0.00,-34.56,False
20230329,11:00,17048.55,10:35,16977.30,09:15,True,14:05,True,11:08,True,True,17125.90,15:28,77.35,0.45,16941.15,12:20,-107.40,-0.63,16941.15,12:20,36.15,0.21,17125.90,15:28,-148.60,-0.88,17117.34,68.79,-140.04,False
20230331,11:00,17289.09,09:41,17209.45,09:15,True,11:52,False,N/A,True,False,17381.30,15:03,92.21,0.53,17237.59,11:04,-51.50,-0.3,0.00,N/A,0.00,0.0,0.00,N/A,0.00,0.0,17355.00,65.91,0.00,False
20230403,11:00,17427.95,09:15,17325.80,09:41,False,N/A,True,11:13,False,True,0.00,N/A,0.00,0.0,0.00,N/A,0.00,0.0,17312.90,11:32,12.90,0.07,17410.25,15:17,-84.45,-0.49,17399.15,0.00,-73.35,False
20230405,11:00,17513.80,10:42,17412.15,09:15,True,12:06,False,N/A,True,False,17570.00,15:27,56.20,0.32,17478.15,11:08,-35.65,-0.2,0.00,N/A,0.00,0.0,0.00,N/A,0.00,0.0,17563.15,49.35,0.00,False
20230410,11:00,17660.45,09:53,17606.20,10:28,True,11:55,True,14:19,True,True,17693.30,12:49,32.85,0.19,17598.25,14:20,-62.20,-0.35,17598.25,14:20,7.95,0.05,17693.30,12:49,-87.10,-0.49,17616.40,-44.05,-10.20,False
20230411,11:00,17748.59,10:14,17669.00,09:15,False,N/A,True,12:14,False,True,0.00,N/A,0.00,0.0,0.00,N/A,0.00,0.0,17655.30,12:27,13.70,0.08,17733.95,15:19,-64.95,-0.37,17717.05,0.00,-48.05,False
20230412,11:00,17779.40,09:37,17717.80,09:20,True,13:08,False,N/A,True,False,17824.30,15:23,44.90,0.25,17748.90,11:13,-30.50,-0.17,0.00,N/A,0.00,0.0,0.00,N/A,0.00,0.0,17816.40,37.00,0.00,False
20230413,11:00,17827.25,09:41,17757.15,10:59,True,14:57,True,11:05,True,True,17841.50,15:21,14.25,0.08,17729.70,12:36,-97.55,-0.55,17729.70,12:36,27.45,0.15,17841.50,15:21,-84.35,-0.48,17828.40,1.15,-71.25,False
20230417,11:00,17863.00,09:15,17574.34,10:01,False,N/A,False,N/A,False,False,0.00,N/A,0.00,0.0,0.00,N/A,0.00,0.0,0.00,N/A,0.00,0.0,0.00,N/A,0.00,0.0,17701.95,0.00,0.00,True
20230418,11:00,17766.59,09:15,17651.15,10:23,False,N/A,True,13:35,False,True,0.00,N/A,0.00,0.0,0.00,N/A,0.00,0.0,17610.75,13:50,40.40,0.23,17709.84,13:02,-58.69,-0.33,17659.05,0.00,-7.90,False
20230419,11:00,17658.34,09:31,17612.55,09:24,True,12:03,True,13:42,True,True,17665.59,12:48,7.25,0.04,17580.00,14:05,-78.34,-0.44,17580.00,14:05,32.55,0.18,17665.59,12:48,-53.04,-0.3,17615.34,-43.00,-2.79,False
20230420,11:00,17683.75,09:39,17590.34,10:36,False,N/A,True,13:09,False,True,0.00,N/A,0.00,0.0,0.00,N/A,0.00,0.0,17584.50,14:07,5.84,0.03,17634.40,15:15,-44.06,-0.25,17622.65,0.00,-32.31,False
20230421,11:00,17662.50,09:30,17589.50,10:28,False,N/A,True,12:16,False,True,0.00,N/A,0.00,0.0,0.00,N/A,0.00,0.0,17554.09,13:07,35.41,0.2,17637.55,15:10,-48.05,-0.27,17618.75,0.00,-29.25,False
20230424,11:00,17707.55,09:15,17620.40,10:09,True,13:32,True,11:43,True,True,17754.25,15:27,46.70,0.26,17612.70,11:52,-94.85,-0.54,17612.70,11:52,7.70,0.04,17754.25,15:27,-133.85,-0.76,17745.45,37.90,-125.05,False
20230425,11:00,17775.59,10:42,17717.30,09:21,True,11:09,False,N/A,True,False,17807.25,14:22,31.66,0.18,17748.90,12:39,-26.69,-0.15,0.00,N/A,0.00,0.0,0.00,N/A,0.00,0.0,17760.59,-15.00,0.00,False
20230426,11:00,17773.95,10:32,17711.95,09:52,True,11:05,False,N/A,True,False,17826.80,15:25,52.85,0.3,17759.59,11:02,-14.36,-0.08,0.00,N/A,0.00,0.0,0.00,N/A,0.00,0.0,17818.20,44.25,0.00,False
20230427,11:00,17849.30,10:36,17798.20,09:16,True,11:32,False,N/A,True,False,17931.25,15:26,81.95,0.46,17824.55,11:15,-24.75,-0.14,0.00,N/A,0.00,0.0,0.00,N/A,0.00,0.0,17925.55,76.25,0.00,False
20230428,11:00,17956.90,09:15,17885.80,10:14,True,11:55,False,N/A,True,False,18088.80,15:20,131.90,0.73,17930.80,11:03,-26.10,-0.15,0.00,N/A,0.00,0.0,0.00,N/A,0.00,0.0,18068.15,111.25,0.00,False
20230502,11:00,18179.80,10:12,18106.20,09:15,False,N/A,False,N/A,False,False,0.00,N/A,0.00,0.0,0.00,N/A,0.00,0.0,0.00,N/A,0.00,0.0,0.00,N/A,0.00,0.0,18136.40,0.00,0.00,True
20230503,11:00,18116.25,10:50,18050.80,09:25,False,N/A,True,13:54,False,True,0.00,N/A,0.00,0.0,0.00,N/A,0.00,0.0,18043.34,13:56,7.46,0.04,18105.45,11:01,-54.65,-0.3,18080.34,0.00,-29.54,False
20230504,11:00,18150.95,10:59,18071.25,09:15,True,11:04,False,N/A,True,False,18267.09,15:11,116.14,0.64,18144.15,11:10,-6.80,-0.04,0.00,N/A,0.00,0.0,0.00,N/A,0.00,0.0,18247.40,96.45,0.00,False
20230505,11:00,18216.95,10:52,18117.30,09:15,False,N/A,True,11:18,False,True,0.00,N/A,0.00,0.0,0.00,N/A,0.00,0.0,18055.70,15:20,61.60,0.34,18207.95,11:01,-90.65,-0.5,18069.40,0.00,47.90,False
20230509,11:00,18343.90,10:57,18277.59,09:34,False,N/A,True,13:33,False,True,0.00,N/A,0.00,0.0,0.00,N/A,0.00,0.0,18230.45,14:02,47.14,0.26,18343.34,11:06,-65.75,-0.36,18259.30,0.00,18.29,False
20230510,11:00,18322.30,09:22,18212.75,10:08,True,15:07,False,N/A,True,False,18326.30,15:20,4.00,0.02,18239.30,11:05,-83.00,-0.45,0.00,N/A,0.00,0.0,0.00,N/A,0.00,0.0,18311.50,-10.80,0.00,False
20230511,11:00,18357.80,09:15,18290.40,09:39,False,N/A,True,14:54,False,True,0.00,N/A,0.00,0.0,0.00,N/A,0.00,0.0,18270.80,14:56,19.60,0.11,18343.25,14:19,-52.85,-0.29,18308.90,0.00,-18.50,False
20230512,11:00,18282.75,10:52,18194.84,09:46,True,11:02,False,N/A,True,False,18342.00,14:07,59.25,0.32,18265.00,11:28,-17.75,-0.1,0.00,N/A,0.00,0.0,0.00,N/A,0.00,0.0,18314.25,31.50,0.00,False
20230515,11:00,18391.84,10:40,18291.50,09:15,True,11:09,False,N/A,True,False,18458.25,14:22,66.41,0.36,18383.34,11:04,-8.50,-0.05,0.00,N/A,0.00,0.0,0.00,N/A,0.00,0.0,18387.75,-4.09,0.00,False
20230516,11:00,18432.34,09:15,18360.30,09:35,False,N/A,True,11:24,False,True,0.00,N/A,0.00,0.0,0.00,N/A,0.00,0.0,18265.05,15:22,95.25,0.52,18393.55,11:01,-33.25,-0.18,18276.50,0.00,83.80,False
20230517,11:00,18307.40,09:15,18218.30,11:00,False,N/A,True,11:01,False,True,0.00,N/A,0.00,0.0,0.00,N/A,0.00,0.0,18115.70,13:35,102.60,0.56,18233.25,11:12,-14.95,-0.08,18188.65,0.00,29.65,False
20230518,11:00,18296.45,09:24,18214.05,10:09,False,N/A,True,12:17,False,True,0.00,N/A,0.00,0.0,0.00,N/A,0.00,0.0,18105.40,15:09,108.65,0.6,18258.75,11:53,-44.70,-0.25,18132.90,0.00,81.15,False
20230519,11:00,18186.15,09:15,18061.15,10:40,True,14:42,False,N/A,True,False,18217.70,15:15,31.55,0.17,18090.50,11:03,-95.65,-0.53,0.00,N/A,0.00,0.0,0.00,N/A,0.00,0.0,18204.55,18.40,0.00,False
20230522,11:00,18305.20,10:58,18179.55,09:17,True,11:01,False,N/A,True,False,18334.80,15:05,29.60,0.16,18250.75,13:40,-54.45,-0.3,0.00,N/A,0.00,0.0,0.00,N/A,0.00,0.0,18300.65,-4.55,0.00,False
20230523,11:00,18410.40,10:47,18353.25,09:15,True,11:11,True,15:02,True,True,18419.65,13:00,9.25,0.05,18324.45,15:24,-85.95,-0.47,18324.45,15:24,28.80,0.16,18419.65,13:00,-66.40,-0.36,18333.65,-76.75,19.60,False
20230524,11:00,18387.00,11:00,18270.40,09:21,True,11:01,True,14:45,True,True,18392.50,11:22,5.50,0.03,18263.90,14:56,-123.10,-0.67,18263.90,14:56,6.50,0.04,18392.50,11:22,-122.10,-0.67,18287.00,-100.00,-16.60,False
20230525,11:00,18303.55,09:54,18236.50,09:37,True,15:00,True,11:17,True,True,18337.00,15:14,33.45,0.18,18202.80,13:41,-100.75,-0.55,18202.80,13:41,33.70,0.18,18337.00,15:14,-100.50,-0.55,18334.40,30.85,-97.90,False
20230526,11:00,18400.34,10:37,18333.25,09:24,True,11:06,False,N/A,True,False,18508.34,15:04,108.00,0.59,18391.34,11:04,-9.00,-0.05,0.00,N/A,0.00,0.0,0.00,N/A,0.00,0.0,18497.95,97.61,0.00,False
20230529,11:00,18640.34,09:16,18584.80,10:04,False,N/A,True,14:26,False,False,0.00,N/A,0.00,0.0,0.00,N/A,0.00,0.0,18582.20,14:30,2.60,0.01,18638.45,11:15,-53.65,-0.29,18589.20,0.00,-4.40,False
20230530,11:00,18661.75,10:22,18577.55,09:15,False,N/A,False,N/A,False,False,0.00,N/A,0.00,0.0,0.00,N/A,0.00,0.0,0.00,N/A,0.00,0.0,0.00,N/A,0.00,0.0,18640.40,0.00,0.00,True
20230531,11:00,18602.40,09:15,18532.80,10:39,False,N/A,True,11:33,False,True,0.00,N/A,0.00,0.0,0.00,N/A,0.00,0.0,18484.05,12:34,48.75,0.26,18566.70,15:20,-33.90,-0.18,18516.09,0.00,16.71,False
20230601,11:00,18579.40,09:15,18514.75,09:30,True,11:18,True,14:24,True,True,18580.05,11:18,0.65,0.0,18465.34,15:20,-114.06,-0.61,18465.34,15:20,49.41,0.27,18580.05,11:18,-65.30,-0.35,18483.15,-96.25,31.60,False
20230602,11:00,18573.25,09:21,18478.50,10:25,False,N/A,False,N/A,False,False,0.00,N/A,0.00,0.0,0.00,N/A,0.00,0.0,0.00,N/A,0.00,0.0,0.00,N/A,0.00,0.0,18521.75,0.00,0.00,True
20230605,11:00,18635.05,09:16,18583.30,09:36,True,11:11,False,N/A,True,False,18639.40,11:23,4.35,0.02,18585.45,15:20,-49.60,-0.27,0.00,N/A,0.00,0.0,0.00,N/A,0.00,0.0,18596.70,-38.35,0.00,False
20230606,11:00,18617.75,09:39,18551.50,10:52,True,15:22,True,11:09,True,True,18622.05,15:27,4.30,0.02,18531.95,12:07,-85.80,-0.46,18531.95,12:07,19.55,0.11,18622.05,15:27,-70.55,-0.38,18617.05,-0.70,-65.55,False
20230607,11:00,18675.40,09:16,18636.50,10:47,True,12:46,False,N/A,True,False,18738.75,15:24,63.35,0.34,18647.25,11:35,-28.15,-0.15,0.00,N/A,0.00,0.0,0.00,N/A,0.00,0.0,18727.50,52.10,0.00,False
20230608,11:00,18777.80,10:49,18724.59,09:15,False,N/A,True,11:49,False,True,0.00,N/A,0.00,0.0,0.00,N/A,0.00,0.0,18615.95,15:17,108.64,0.58,18774.40,11:11,-49.81,-0.27,18646.30,0.00,78.29,False
20230612,11:00,18622.95,09:15,18560.80,09:21,True,14:15,False,N/A,True,False,18625.09,14:15,2.14,0.01,18578.84,12:29,-44.11,-0.24,0.00,N/A,0.00,0.0,0.00,N/A,0.00,0.0,18606.95,-16.00,0.00,False
20230613,11:00,18703.90,10:36,18631.80,09:15,True,11:03,False,N/A,True,False,18727.75,15:22,23.85,0.13,18683.40,14:00,-20.50,-0.11,0.00,N/A,0.00,0.0,0.00,N/A,0.00,0.0,18717.30,13.40,0.00,False
20230614,11:00,18745.70,09:15,18690.59,09:39,True,12:15,False,N/A,True,False,18769.50,15:01,23.80,0.13,18719.25,11:10,-26.45,-0.14,0.00,N/A,0.00,0.0,0.00,N/A,0.00,0.0,18750.34,4.64,0.00,False
20230615,11:00,18793.90,10:25,18722.25,09:25,False,N/A,True,11:34,False,True,0.00,N/A,0.00,0.0,0.00,N/A,0.00,0.0,18669.20,14:58,53.05,0.28,18783.70,11:01,-61.45,-0.33,18684.59,0.00,37.66,False
20230616,11:00,18785.30,10:30,18712.70,09:15,True,14:14,False,N/A,True,False,18863.95,14:52,78.65,0.42,18747.34,12:39,-37.96,-0.2,0.00,N/A,0.00,0.0,0.00,N/A,0.00,0.0,18825.45,40.15,0.00,False
20230619,11:00,18879.00,09:19,18781.34,11:00,False,N/A,True,11:01,False,True,0.00,N/A,0.00,0.0,0.00,N/A,0.00,0.0,18719.30,13:33,62.04,0.33,18796.50,13:05,-15.16,-0.08,18750.70,0.00,30.64,False
20230620,11:00,18758.65,09:15,18661.15,10:31,True,13:30,False,N/A,True,False,18838.34,15:29,79.69,0.42,18683.34,11:02,-75.31,-0.4,0.00,N/A,0.00,0.0,0.00,N/A,0.00,0.0,18837.59,78.94,0.00,False
20230621,11:00,18875.65,09:58,18809.15,09:20,False,N/A,True,11:07,False,True,0.00,N/A,0.00,0.0,0.00,N/A,0.00,0.0,18794.90,11:16,14.25,0.08,18868.30,14:13,-59.15,-0.31,18860.25,0.00,-51.10,False
20230622,11:00,18886.05,10:28,18833.34,09:15,False,N/A,True,11:29,False,True,0.00,N/A,0.00,0.0,0.00,N/A,0.00,0.0,18760.59,15:18,72.75,0.39,18862.55,13:49,-29.21,-0.16,18771.55,0.00,61.79,False
20230623,11:00,18751.20,09:15,18647.45,09:41,False,N/A,False,N/A,False,False,0.00,N/A,0.00,0.0,0.00,N/A,0.00,0.0,0.00,N/A,0.00,0.0,0.00,N/A,0.00,0.0,18656.00,0.00,0.00,True
20230626,11:00,18721.75,09:36,18653.05,10:56,False,N/A,True,13:07,False,True,0.00,N/A,0.00,0.0,0.00,N/A,0.00,0.0,18647.65,13:08,5.40,0.03,18706.15,15:04,-53.10,-0.28,18695.00,0.00,-41.95,False
20230627,11:00,18762.95,09:16,18716.34,10:40,True,14:01,True,11:08,True,False,18829.15,15:13,66.20,0.35,18714.50,11:09,-48.45,-0.26,18714.50,11:09,1.84,0.01,18829.15,15:13,-112.81,-0.6,18818.50,55.55,-102.16,False
20230628,11:00,18931.40,10:49,18861.45,09:31,True,11:10,False,N/A,True,False,19010.40,13:45,79.00,0.42,18915.65,11:02,-15.75,-0.08,0.00,N/A,0.00,0.0,0.00,N/A,0.00,0.0,18986.70,55.30,0.00,False
20230630,11:00,19107.09,09:40,19028.15,09:15,True,11:39,False,N/A,True,False,19201.09,15:19,94.00,0.49,19086.70,11:09,-20.39,-0.11,0.00,N/A,0.00,0.0,0.00,N/A,0.00,0.0,19187.75,80.66,0.00,False
20230703,11:00,19335.65,10:30,19242.20,09:15,True,15:24,False,N/A,True,False,19344.59,15:27,8.94,0.05,19253.55,11:26,-82.10,-0.42,0.00,N/A,0.00,0.0,0.00,N/A,0.00,0.0,19330.65,-5.00,0.00,False
20230704,11:00,19412.34,09:18,19300.25,10:00,True,13:19,False,N/A,True,False,19433.55,13:30,21.21,0.11,19326.70,11:03,-85.64,-0.44,0.00,N/A,0.00,0.0,0.00,N/A,0.00,0.0,19389.45,-22.89,0.00,False
20230705,11:00,19421.25,09:31,19349.55,09:15,False,N/A,True,14:39,False,True,0.00,N/A,0.00,0.0,0.00,N/A,0.00,0.0,19340.55,14:41,9.00,0.05,19420.05,15:17,-70.50,-0.36,19411.55,0.00,-62.00,False
20230706,11:00,19463.59,10:28,19374.90,09:15,True,11:05,False,N/A,True,False,19511.95,15:14,48.36,0.25,19437.50,12:42,-26.09,-0.13,0.00,N/A,0.00,0.0,0.00,N/A,0.00,0.0,19490.75,27.16,0.00,False
20230707,11:00,19523.45,10:00,19406.40,10:54,False,N/A,True,11:25,False,True,0.00,N/A,0.00,0.0,0.00,N/A,0.00,0.0,19304.95,15:20,101.45,0.52,19440.75,11:17,-34.35,-0.18,19322.55,0.00,83.85,False
20230710,11:00,19435.75,10:28,19347.30,09:36,False,N/A,True,11:39,False,True,0.00,N/A,0.00,0.0,0.00,N/A,0.00,0.0,19327.40,15:02,19.90,0.1,19421.90,11:01,-74.60,-0.39,19367.15,0.00,-19.85,False
20230712,11:00,19497.45,09:15,19423.55,10:21,False,N/A,True,11:40,False,True,0.00,N/A,0.00,0.0,0.00,N/A,0.00,0.0,19362.65,15:26,60.90,0.31,19479.20,11:01,-55.65,-0.29,19378.84,0.00,44.71,False
20230713,11:00,19566.65,10:28,19449.34,09:15,True,11:50,True,14:10,True,True,19567.00,11:50,0.35,0.0,19385.80,15:03,-180.85,-0.92,19385.80,15:03,63.54,0.33,19567.00,11:50,-117.66,-0.6,19440.30,-126.35,9.04,False
20230714,11:00,19520.40,09:17,19433.50,10:26,True,14:06,False,N/A,True,False,19595.34,15:25,74.94,0.38,19452.15,11:07,-68.25,-0.35,0.00,N/A,0.00,0.0,0.00,N/A,0.00,0.0,19587.90,67.50,0.00,False
20230717,11:00,19641.90,10:18,19562.95,09:29,True,12:27,False,N/A,True,False,19731.84,15:15,89.94,0.46,19598.84,11:21,-43.06,-0.22,0.00,N/A,0.00,0.0,0.00,N/A,0.00,0.0,19720.05,78.15,0.00,False
20230718,11:00,19811.25,09:17,19738.84,09:37,True,11:08,True,11:41,True,True,19819.45,11:09,8.20,0.04,19690.20,12:06,-121.05,-0.61,19690.20,12:06,48.64,0.25,19819.45,11:09,-80.61,-0.41,19744.75,-66.50,-5.91,False
20230719,11:00,19841.65,09:58,19760.05,10:58,True,15:20,True,11:05,True,True,19851.70,15:29,10.05,0.05,19727.45,11:58,-114.20,-0.58,19727.45,11:58,32.60,0.16,19851.70,15:29,-91.65,-0.46,19843.34,1.69,-83.29,False
20230720,11:00,19847.70,10:35,19758.40,10:00,True,11:57,False,N/A,True,False,19991.84,15:14,144.14,0.73,19814.90,11:20,-32.80,-0.17,0.00,N/A,0.00,0.0,0.00,N/A,0.00,0.0,19970.15,122.45,0.00,False
20230721,11:00,19887.40,09:25,19776.00,09:15,False,N/A,True,11:25,False,True,0.00,N/A,0.00,0.0,0.00,N/A,0.00,0.0,19700.00,15:00,76.00,0.38,19821.95,13:34,-45.95,-0.23,19773.75,0.00,2.25,False
20230724,11:00,19782.75,10:32,19704.20,09:27,False,N/A,True,11:47,False,True,0.00,N/A,0.00,0.0,0.00,N/A,0.00,0.0,19658.30,15:28,45.90,0.23,19776.00,14:13,-71.80,-0.36,19661.30,0.00,42.90,False
20230725,11:00,19729.34,09:15,19657.80,10:29,False,N/A,True,11:05,False,True,0.00,N/A,0.00,0.0,0.00,N/A,0.00,0.0,19615.95,13:35,41.85,0.21,19707.45,12:41,-49.65,-0.25,19678.20,0.00,-20.40,False
20230726,11:00,19825.59,10:37,19716.70,09:19,False,N/A,False,N/A,False,False,0.00,N/A,0.00,0.0,0.00,N/A,0.00,0.0,0.00,N/A,0.00,0.0,0.00,N/A,0.00,0.0,19772.05,0.00,0.00,True
20230727,11:00,19867.55,09:41,19791.20,11:00,False,N/A,True,11:01,False,True,0.00,N/A,0.00,0.0,0.00,N/A,0.00,0.0,19603.55,14:59,187.65,0.95,19794.09,11:09,-2.89,-0.01,19700.75,0.00,90.45,False
20230728,11:00,19695.90,09:15,19595.34,10:23,False,N/A,True,11:17,False,True,0.00,N/A,0.00,0.0,0.00,N/A,0.00,0.0,19563.09,13:45,32.25,0.16,19663.55,15:07,-68.21,-0.35,19637.05,0.00,-41.71,False
20230731,11:00,19696.15,11:00,19597.59,09:22,True,11:01,False,N/A,True,False,19772.75,15:23,76.60,0.39,19674.25,12:46,-21.90,-0.11,0.00,N/A,0.00,0.0,0.00,N/A,0.00,0.0,19743.25,47.10,0.00,False
20230801,11:00,19795.59,09:15,19714.45,10:51,False,N/A,True,12:37,False,True,0.00,N/A,0.00,0.0,0.00,N/A,0.00,0.0,19704.59,12:50,9.86,0.05,19765.70,13:36,-51.25,-0.26,19734.15,0.00,-19.70,False
20230802,11:00,19678.25,09:15,19558.90,10:58,False,N/A,True,11:01,False,True,0.00,N/A,0.00,0.0,0.00,N/A,0.00,0.0,19425.70,14:14,133.20,0.68,19561.70,11:01,-2.80,-0.01,19522.70,0.00,36.20,False
20230803,11:00,19537.65,09:52,19439.25,09:16,False,N/A,True,12:21,False,True,0.00,N/A,0.00,0.0,0.00,N/A,0.00,0.0,19297.84,14:13,141.41,0.73,19515.80,11:10,-76.55,-0.39,19393.84,0.00,45.41,False
20230804,11:00,19498.34,09:35,19436.45,09:46,True,11:19,False,N/A,True,False,19538.84,12:21,40.50,0.21,19450.70,14:02,-47.64,-0.24,0.00,N/A,0.00,0.0,0.00,N/A,0.00,0.0,19508.84,10.50,0.00,False
20230807,11:00,19585.95,10:31,19525.55,09:33,True,12:52,False,N/A,True,False,19620.45,13:41,34.50,0.18,19529.09,11:36,-56.86,-0.29,0.00,N/A,0.00,0.0,0.00,N/A,0.00,0.0,19595.20,9.25,0.00,False
20230808,11:00,19634.40,09:15,19576.59,09:51,False,N/A,True,11:04,False,True,0.00,N/A,0.00,0.0,0.00,N/A,0.00,0.0,19533.45,11:37,43.14,0.22,19597.25,14:31,-20.66,-0.11,19567.50,0.00,9.09,False
20230809,11:00,19581.80,09:15,19469.34,10:22,True,14:51,True,11:12,True,False,19645.50,15:16,63.70,0.33,19468.25,11:12,-113.55,-0.58,19468.25,11:12,1.09,0.01,19645.50,15:16,-176.16,-0.9,19631.20,49.40,-161.86,False
20230810,11:00,19621.95,10:05,19496.30,10:41,False,N/A,False,N/A,False,False,0.00,N/A,0.00,0.0,0.00,N/A,0.00,0.0,0.00,N/A,0.00,0.0,0.00,N/A,0.00,0.0,19545.80,0.00,0.00,True
20230811,11:00,19555.15,09:15,19449.34,11:00,False,N/A,True,11:01,False,True,0.00,N/A,0.00,0.0,0.00,N/A,0.00,0.0,19413.80,15:29,35.54,0.18,19492.65,13:23,-43.31,-0.22,19423.25,0.00,26.09,False
20230814,11:00,19389.80,09:15,19258.20,09:35,True,13:37,False,N/A,True,False,19465.30,15:00,75.50,0.39,19310.40,11:02,-79.40,-0.41,0.00,N/A,0.00,0.0,0.00,N/A,0.00,0.0,19410.34,20.54,0.00,False
20230816,11:00,19407.84,10:46,19319.25,09:15,True,12:44,False,N/A,True,False,19482.75,15:05,74.91,0.39,19359.90,11:44,-47.94,-0.25,0.00,N/A,0.00,0.0,0.00,N/A,0.00,0.0,19445.80,37.96,0.00,False
20230817,11:00,19455.15,09:18,19377.55,10:01,False,N/A,True,11:16,False,True,0.00,N/A,0.00,0.0,0.00,N/A,0.00,0.0,19326.65,13:00,50.90,0.26,19415.25,11:06,-37.70,-0.19,19348.15,0.00,29.40,False
20230818,11:00,19329.65,09:29,19253.59,10:46,True,14:03,False,N/A,True,False,19373.45,14:19,43.80,0.23,19260.45,13:43,-69.20,-0.36,0.00,N/A,0.00,0.0,0.00,N/A,0.00,0.0,19278.40,-51.25,0.00,False
20230821,11:00,19367.90,10:58,19296.55,10:13,True,11:07,False,N/A,True,False,19425.40,15:00,57.50,0.3,19357.50,11:31,-10.40,-0.05,0.00,N/A,0.00,0.0,0.00,N/A,0.00,0.0,19380.20,12.30,0.00,False
20230822,11:00,19443.05,09:45,19382.20,09:55,False,N/A,False,N/A,False,False,0.00,N/A,0.00,0.0,0.00,N/A,0.00,0.0,0.00,N/A,0.00,0.0,0.00,N/A,0.00,0.0,19384.95,0.00,0.00,True
20230823,11:00,19441.59,09:15,19366.84,09:55,True,12:29,False,N/A,True,False,19471.20,14:02,29.61,0.15,19391.70,11:02,-49.89,-0.26,0.00,N/A,0.00,0.0,0.00,N/A,0.00,0.0,19439.90,-1.69,0.00,False
20230824,11:00,19584.00,09:55,19493.65,11:00,False,N/A,True,11:01,False,True,0.00,N/A,0.00,0.0,0.00,N/A,0.00,0.0,19369.34,15:23,124.31,0.64,19508.84,11:07,-15.19,-0.08,19381.50,0.00,112.15,False
20230825,11:00,19338.84,10:06,19230.65,10:34,False,N/A,False,N/A,False,False,0.00,N/A,0.00,0.0,0.00,N/A,0.00,0.0,0.00,N/A,0.00,0.0,0.00,N/A,0.00,0.0,19237.90,0.00,0.00,True
20230828,11:00,19326.70,09:16,19250.25,09:31,True,11:18,False,N/A,True,False,19366.80,14:06,40.10,0.21,19291.50,15:28,-35.20,-0.18,0.00,N/A,0.00,0.0,0.00,N/A,0.00,0.0,19293.45,-33.25,0.00,False
20230829,11:00,19374.84,09:15,19314.25,10:27,False,N/A,True,14:23,False,False,0.00,N/A,0.00,0.0,0.00,N/A,0.00,0.0,19309.95,14:58,4.30,0.02,19361.84,13:30,-47.59,-0.25,19355.05,0.00,-40.80,False
20230830,11:00,19446.34,10:49,19412.65,09:15,True,11:04,True,14:13,True,True,19451.95,11:16,5.61,0.03,19335.30,15:19,-111.04,-0.57,19335.30,15:19,77.35,0.4,19451.95,11:16,-39.30,-0.2,19343.34,-103.00,69.31,False
20230831,11:00,19388.00,09:55,19316.09,10:56,False,N/A,True,11:03,False,True,0.00,N/A,0.00,0.0,0.00,N/A,0.00,0.0,19224.59,15:23,91.50,0.47,19339.09,11:35,-23.00,-0.12,19283.59,0.00,32.50,False
20230901,11:00,19339.15,10:30,19258.15,09:15,True,11:01,False,N/A,True,False,19458.50,14:22,119.35,0.62,19323.30,11:13,-15.85,-0.08,0.00,N/A,0.00,0.0,0.00,N/A,0.00,0.0,19430.45,91.30,0.00,False
20230904,11:00,19525.05,09:15,19433.15,10:40,True,14:44,False,N/A,True,False,19543.75,15:29,18.70,0.1,19435.84,11:01,-89.21,-0.46,0.00,N/A,0.00,0.0,0.00,N/A,0.00,0.0,19532.34,7.29,0.00,False
20230905,11:00,19583.70,10:16,19533.09,09:20,True,11:20,True,12:45,True,True,19586.90,11:59,3.20,0.02,19526.70,13:26,-57.00,-0.29,19526.70,13:26,6.39,0.03,19586.90,11:59,-53.81,-0.28,19579.80,-3.90,-46.71,False
20230906,11:00,19604.09,09:41,19557.40,10:03,True,15:07,True,11:36,True,True,19636.05,15:27,31.96,0.16,19491.80,13:36,-112.29,-0.57,19491.80,13:36,65.60,0.34,19636.05,15:27,-78.65,-0.4,19613.40,9.31,-56.00,False
20230907,11:00,19624.55,11:00,19550.25,09:39,True,11:01,False,N/A,True,False,19736.90,15:13,112.35,0.57,19591.45,11:40,-33.10,-0.17,0.00,N/A,0.00,0.0,0.00,N/A,0.00,0.0,19719.84,95.29,0.00,False
20230908,11:00,19792.55,09:36,19728.70,10:35,True,11:34,False,N/A,True,False,19866.75,14:19,74.20,0.37,19741.70,11:16,-50.85,-0.26,0.00,N/A,0.00,0.0,0.00,N/A,0.00,0.0,19820.00,27.45,0.00,False
20230911,11:00,19945.59,10:45,19873.70,09:15,True,11:17,False,N/A,True,False,20007.70,15:27,62.11,0.31,19916.90,11:10,-28.69,-0.14,0.00,N/A,0.00,0.0,0.00,N/A,0.00,0.0,20003.70,58.11,0.00,False
20230912,11:00,20110.15,09:15,19914.80,09:56,False,N/A,False,N/A,False,False,0.00,N/A,0.00,0.0,0.00,N/A,0.00,0.0,0.00,N/A,0.00,0.0,0.00,N/A,0.00,0.0,19990.15,0.00,0.00,True
20230914,11:00,20167.00,09:48,20064.30,10:41,False,N/A,True,12:30,False,True,0.00,N/A,0.00,0.0,0.00,N/A,0.00,0.0,20044.70,14:07,19.60,0.1,20114.70,15:02,-50.40,-0.25,20111.90,0.00,-47.60,False
20230915,11:00,20175.75,11:00,20130.00,09:52,True,11:01,False,N/A,True,False,20221.25,15:04,45.50,0.23,20134.59,12:35,-41.16,-0.2,0.00,N/A,0.00,0.0,0.00,N/A,0.00,0.0,20171.30,-4.45,0.00,False
20230918,11:00,20187.80,10:13,20123.34,09:15,True,11:21,True,15:15,True,False,20194.34,11:49,6.54,0.03,20117.80,15:15,-70.00,-0.35,20117.80,15:15,5.54,0.03,20194.34,11:49,-71.00,-0.35,20118.65,-69.15,4.69,False
20230920,11:00,20049.50,09:23,19953.05,10:30,False,N/A,True,11:04,False,True,0.00,N/A,0.00,0.0,0.00,N/A,0.00,0.0,19879.55,13:56,73.50,0.37,19968.80,11:01,-15.75,-0.08,19907.30,0.00,45.75,False
20230921,11:00,19842.59,09:16,19739.70,10:11,False,N/A,True,12:04,False,True,0.00,N/A,0.00,0.0,0.00,N/A,0.00,0.0,19711.00,14:51,28.70,0.15,19787.25,11:15,-47.55,-0.24,19745.90,0.00,-6.20,False
20230922,11:00,19791.25,09:22,19665.45,10:02,True,12:17,True,15:07,True,True,19798.20,12:37,6.95,0.04,19658.50,15:15,-132.75,-0.67,19658.50,15:15,6.95,0.04,19798.20,12:37,-132.75,-0.68,19677.84,-113.41,-12.39,False
20230925,11:00,19702.05,09:15,19612.40,10:30,True,12:33,True,11:14,True,True,19733.90,13:02,31.85,0.16,19602.05,11:28,-100.00,-0.51,19602.05,11:28,10.35,0.05,19733.90,13:02,-121.50,-0.62,19673.20,-28.85,-60.80,False
20230926,11:00,19698.80,10:06,19650.09,09:31,False,N/A,True,12:46,False,True,0.00,N/A,0.00,0.0,0.00,N/A,0.00,0.0,19637.90,13:04,12.19,0.06,19691.95,11:16,-41.86,-0.21,19666.40,0.00,-16.31,False
20230927,11:00,19647.00,09:15,19554.55,10:35,True,11:36,False,N/A,True,False,19730.45,15:00,83.45,0.42,19590.70,11:02,-56.30,-0.29,0.00,N/A,0.00,0.0,0.00,N/A,0.00,0.0,19727.59,80.59,0.00,False
20230928,11:00,19761.84,09:15,19674.70,09:46,False,N/A,True,11:09,False,True,0.00,N/A,0.00,0.0,0.00,N/A,0.00,0.0,19493.55,15:13,181.15,0.92,19699.09,11:07,-24.39,-0.12,19552.90,0.00,121.80,False
20230929,11:00,19607.75,10:06,19551.30,09:33,True,11:12,False,N/A,True,False,19725.95,14:34,118.20,0.6,19582.84,11:01,-24.91,-0.13,0.00,N/A,0.00,0.0,0.00,N/A,0.00,0.0,19638.15,30.40,0.00,False
20231003,11:00,19622.40,09:15,19480.09,10:06,False,N/A,False,N/A,False,False,0.00,N/A,0.00,0.0,0.00,N/A,0.00,0.0,0.00,N/A,0.00,0.0,0.00,N/A,0.00,0.0,19525.15,0.00,0.00,True
20231004,11:00,19448.59,09:15,19375.70,09:34,True,15:27,True,11:50,True,True,19452.15,15:29,3.56,0.02,19334.55,13:07,-114.04,-0.59,19334.55,13:07,41.15,0.21,19452.15,15:29,-76.45,-0.39,19440.34,-8.25,-64.64,False
20231005,11:00,19564.15,11:00,19487.95,10:45,True,11:03,False,N/A,True,False,19576.45,11:23,12.30,0.06,19519.70,13:09,-44.45,-0.23,0.00,N/A,0.00,0.0,0.00,N/A,0.00,0.0,19542.15,-22.00,0.00,False
20231006,11:00,19658.00,10:58,19589.70,09:45,True,13:55,False,N/A,True,False,19674.90,15:00,16.90,0.09,19604.34,11:29,-53.66,-0.27,0.00,N/A,0.00,0.0,0.00,N/A,0.00,0.0,19649.20,-8.80,0.00,False
20231009,11:00,19588.59,10:21,19480.90,09:22,False,N/A,False,N/A,False,False,0.00,N/A,0.00,0.0,0.00,N/A,0.00,0.0,0.00,N/A,0.00,0.0,0.00,N/A,0.00,0.0,19495.75,0.00,0.00,True
20231010,11:00,19627.00,10:46,19565.59,09:15,True,11:20,False,N/A,True,False,19717.09,14:24,90.09,0.46,19610.90,11:01,-16.10,-0.08,0.00,N/A,0.00,0.0,0.00,N/A,0.00,0.0,19690.00,63.00,0.00,False
20231011,11:00,19838.90,10:43,19762.45,09:15,False,N/A,False,N/A,False,False,0.00,N/A,0.00,0.0,0.00,N/A,0.00,0.0,0.00,N/A,0.00,0.0,0.00,N/A,0.00,0.0,19808.84,0.00,0.00,True
20231012,11:00,19841.80,09:15,19773.65,10:00,False,N/A,False,N/A,False,False,0.00,N/A,0.00,0.0,0.00,N/A,0.00,0.0,0.00,N/A,0.00,0.0,0.00,N/A,0.00,0.0,19783.50,0.00,0.00,True
20231013,11:00,19736.25,09:34,19648.70,09:15,True,13:06,False,N/A,True,False,19804.90,14:24,68.65,0.35,19670.55,11:04,-65.70,-0.33,0.00,N/A,0.00,0.0,0.00,N/A,0.00,0.0,19739.59,3.34,0.00,False
20231016,11:00,19767.80,10:18,19691.84,09:21,True,11:44,False,N/A,True,False,19781.30,13:01,13.50,0.07,19718.80,15:20,-49.00,-0.25,0.00,N/A,0.00,0.0,0.00,N/A,0.00,0.0,19722.09,-45.71,0.00,False
20231017,11:00,19843.20,09:15,19810.20,09:23,True,12:48,True,14:02,True,True,19848.05,13:24,4.85,0.02,19775.84,14:14,-67.36,-0.34,19775.84,14:14,34.36,0.17,19848.05,13:24,-37.85,-0.19,19816.59,-26.61,-6.39,False
20231018,11:00,19840.20,10:09,19758.90,10:53,False,N/A,True,11:07,False,True,0.00,N/A,0.00,0.0,0.00,N/A,0.00,0.0,19660.60,15:11,98.30,0.5,19766.70,11:04,-7.80,-0.04,19663.30,0.00,95.60,False
20231019,11:00,19592.85,09:59,19513.35,09:38,True,11:25,False,N/A,True,False,19681.75,14:05,88.90,0.45,19555.10,11:01,-37.75,-0.19,0.00,N/A,0.00,0.0,0.00,N/A,0.00,0.0,19605.50,12.65,0.00,False
20231020,11:00,19593.65,09:32,19520.00,09:15,False,N/A,False,N/A,False,False,0.00,N/A,0.00,0.0,0.00,N/A,0.00,0.0,0.00,N/A,0.00,0.0,0.00,N/A,0.00,0.0,19538.35,0.00,0.00,True
20231023,11:00,19556.35,09:26,19460.75,10:27,False,N/A,True,11:45,False,True,0.00,N/A,0.00,0.0,0.00,N/A,0.00,0.0,19257.95,15:25,202.80,1.04,19490.40,11:09,-29.65,-0.15,19267.35,0.00,193.40,False
20231025,11:00,19346.70,09:55,19260.50,09:27,False,N/A,True,11:24,False,True,0.00,N/A,0.00,0.0,0.00,N/A,0.00,0.0,19075.10,13:15,185.40,0.96,19289.70,11:10,-29.20,-0.15,19118.35,0.00,142.15,False
20231026,11:00,19034.60,09:15,18864.95,11:00,False,N/A,True,11:01,False,True,0.00,N/A,0.00,0.0,0.00,N/A,0.00,0.0,18839.45,15:29,25.50,0.14,18903.80,13:11,-38.85,-0.21,18843.70,0.00,21.25,False
20231027,11:00,19029.70,10:10,18927.55,09:19,True,11:24,False,N/A,True,False,19075.70,14:40,46.00,0.24,19005.20,11:11,-24.50,-0.13,0.00,N/A,0.00,0.0,0.00,N/A,0.00,0.0,19048.65,18.95,0.00,False
20231030,11:00,19098.95,10:49,18940.00,09:45,True,11:29,False,N/A,True,False,19158.50,15:29,59.55,0.31,19064.55,11:04,-34.40,-0.18,0.00,N/A,0.00,0.0,0.00,N/A,0.00,0.0,19149.80,50.85,0.00,False
20231031,11:00,19233.70,09:15,19064.70,10:45,False,N/A,True,15:05,False,True,0.00,N/A,0.00,0.0,0.00,N/A,0.00,0.0,19056.45,15:05,8.25,0.04,19145.90,14:33,-81.20,-0.43,19087.34,0.00,-22.64,False
20231101,11:00,19095.95,09:34,19020.40,10:03,False,N/A,True,13:11,False,True,0.00,N/A,0.00,0.0,0.00,N/A,0.00,0.0,18974.20,15:20,46.20,0.24,19065.45,12:27,-45.05,-0.24,18992.20,0.00,28.20,False
20231102,11:00,19175.25,09:40,19105.95,11:00,False,N/A,True,11:35,False,True,0.00,N/A,0.00,0.0,0.00,N/A,0.00,0.0,19064.15,12:11,41.80,0.22,19147.75,15:26,-41.80,-0.22,19144.00,0.00,-38.05,False
20231103,11:00,19273.40,10:58,19230.95,09:51,True,11:05,True,14:45,True,True,19275.80,11:06,2.40,0.01,19211.40,14:52,-62.00,-0.32,19211.40,14:52,19.55,0.1,19275.80,11:06,-44.85,-0.23,19224.75,-48.65,6.20,False
20231106,11:00,19370.75,10:20,19313.15,09:15,True,14:14,True,11:05,True,False,19421.55,15:27,50.80,0.26,19310.75,11:06,-60.00,-0.31,19310.75,11:06,2.40,0.01,19421.55,15:27,-108.40,-0.56,19407.95,37.20,-94.80,False
20231107,11:00,19407.15,09:15,19347.80,10:06,True,14:04,True,11:45,True,True,19422.55,15:27,15.40,0.08,19329.75,11:55,-77.40,-0.4,19329.75,11:55,18.05,0.09,19422.55,15:27,-74.75,-0.39,19411.70,4.55,-63.90,False
20231108,11:00,19453.60,09:15,19403.85,09:22,True,13:17,True,11:12,True,False,19464.30,14:01,10.70,0.06,19401.65,11:12,-51.95,-0.27,19401.65,11:12,2.20,0.01,19464.30,14:01,-60.45,-0.31,19435.20,-18.40,-31.35,False
20231109,11:00,19457.40,09:15,19403.65,09:50,True,11:49,True,14:23,True,True,19459.75,11:50,2.35,0.01,19381.40,15:02,-76.00,-0.39,19381.40,15:02,22.25,0.11,19459.75,11:50,-56.10,-0.29,19396.15,-61.25,7.50,False
20231110,11:00,19384.75,10:49,19331.25,09:16,True,12:07,False,N/A,True,False,19450.80,15:27,66.05,0.34,19353.90,11:08,-30.85,-0.16,0.00,N/A,0.00,0.0,0.00,N/A,0.00,0.0,19443.70,58.95,0.00,False
20231113,11:00,19489.60,09:15,19415.15,10:31,False,N/A,False,N/A,False,False,0.00,N/A,0.00,0.0,0.00,N/A,0.00,0.0,0.00,N/A,0.00,0.0,0.00,N/A,0.00,0.0,19437.20,0.00,0.00,True
20231115,11:00,19651.40,09:15,19580.45,09:15,True,13:13,False,N/A,True,False,19691.20,15:26,39.80,0.2,19614.35,11:47,-37.05,-0.19,0.00,N/A,0.00,0.0,0.00,N/A,0.00,0.0,19675.85,24.45,0.00,False
20231117,11:00,19806.00,10:01,19667.45,09:15,False,N/A,False,N/A,False,False,0.00,N/A,0.00,0.0,0.00,N/A,0.00,0.0,0.00,N/A,0.00,0.0,0.00,N/A,0.00,0.0,19721.65,0.00,0.00,True
20231120,11:00,19755.55,10:30,19701.60,10:03,False,N/A,True,11:13,False,True,0.00,N/A,0.00,0.0,0.00,N/A,0.00,0.0,19671.20,12:01,30.40,0.15,19739.80,11:01,-38.20,-0.19,19697.10,0.00,4.50,False
20231121,11:00,19790.05,09:44,19754.05,09:18,True,12:14,False,N/A,True,False,19829.09,12:25,39.04,0.2,19770.34,13:13,-19.71,-0.1,0.00,N/A,0.00,0.0,0.00,N/A,0.00,0.0,19782.15,-7.90,0.00,False
20231122,11:00,19825.55,10:18,19767.15,09:15,False,N/A,True,11:54,False,True,0.00,N/A,0.00,0.0,0.00,N/A,0.00,0.0,19703.84,12:27,63.31,0.32,19822.34,15:02,-55.19,-0.28,19813.00,0.00,-45.85,False
20231123,11:00,19875.15,09:36,19793.05,10:43,False,N/A,True,11:45,False,False,0.00,N/A,0.00,0.0,0.00,N/A,0.00,0.0,19786.75,14:50,6.30,0.03,19830.80,12:30,-37.75,-0.19,19812.00,0.00,-18.95,False
20231124,11:00,19832.84,09:30,19786.59,10:01,False,N/A,True,13:04,False,True,0.00,N/A,0.00,0.0,0.00,N/A,0.00,0.0,19768.84,13:14,17.75,0.09,19818.84,12:16,-32.25,-0.16,19791.40,0.00,-4.81,False
20231128,11:00,19848.05,09:15,19800.00,10:18,True,14:21,False,N/A,True,False,19916.84,15:28,68.79,0.35,19810.65,11:38,-37.40,-0.19,0.00,N/A,0.00,0.0,0.00,N/A,0.00,0.0,19909.15,61.10,0.00,False
20231129,11:00,20016.90,10:15,19956.30,09:15,True,11:29,False,N/A,True,False,20104.65,15:15,87.75,0.44,19999.34,11:07,-17.56,-0.09,0.00,N/A,0.00,0.0,0.00,N/A,0.00,0.0,20098.15,81.25,0.00,False
20231130,11:00,20136.15,09:15,20015.84,10:06,True,15:07,False,N/A,True,False,20158.70,15:26,22.55,0.11,20042.65,12:23,-93.50,-0.46,0.00,N/A,0.00,0.0,0.00,N/A,0.00,0.0,20134.20,-1.95,0.00,False
20231201,11:00,20270.25,11:00,20183.70,09:15,True,11:01,False,N/A,True,False,20291.55,14:05,21.30,0.11,20244.40,14:44,-25.85,-0.13,0.00,N/A,0.00,0.0,0.00,N/A,0.00,0.0,20252.30,-17.95,0.00,False
20231204,11:00,20602.50,09:15,20507.75,09:21,True,13:20,False,N/A,True,False,20702.65,15:02,100.15,0.49,20546.95,11:01,-55.55,-0.27,0.00,N/A,0.00,0.0,0.00,N/A,0.00,0.0,20688.70,86.20,0.00,False
20231205,11:00,20849.40,10:42,20711.15,09:21,True,11:03,False,N/A,True,False,20864.05,15:19,14.65,0.07,20731.00,11:52,-118.40,-0.57,0.00,N/A,0.00,0.0,0.00,N/A,0.00,0.0,20858.09,8.69,0.00,False
20231206,11:00,20958.65,09:50,20887.55,09:36,True,14:58,True,12:55,True,True,20961.95,14:58,3.30,0.02,20852.15,13:26,-106.50,-0.51,20852.15,13:26,35.40,0.17,20961.95,14:58,-74.40,-0.36,20934.84,-23.81,-47.29,False
20231207,11:00,20941.25,09:15,20850.80,09:30,False,N/A,False,N/A,False,False,0.00,N/A,0.00,0.0,0.00,N/A,0.00,0.0,0.00,N/A,0.00,0.0,0.00,N/A,0.00,0.0,20911.75,0.00,0.00,True
20231208,11:00,21006.10,10:31,20932.55,09:15,False,N/A,True,11:07,False,True,0.00,N/A,0.00,0.0,0.00,N/A,0.00,0.0,20862.70,13:48,69.85,0.33,20983.00,15:27,-50.45,-0.24,20977.00,0.00,-44.45,False
20231211,11:00,21026.10,10:24,20923.70,09:15,False,N/A,False,N/A,False,False,0.00,N/A,0.00,0.0,0.00,N/A,0.00,0.0,0.00,N/A,0.00,0.0,0.00,N/A,0.00,0.0,20993.30,0.00,0.00,True
20231212,11:00,21037.90,09:30,20975.05,10:20,False,N/A,True,12:49,False,True,0.00,N/A,0.00,0.0,0.00,N/A,0.00,0.0,20867.15,14:53,107.90,0.51,21020.30,11:12,-45.25,-0.22,20901.59,0.00,73.46,False
20231213,11:00,20936.00,09:15,20801.15,10:41,True,15:23,True,11:33,True,True,20950.00,15:27,14.00,0.07,20769.50,12:19,-166.50,-0.8,20769.50,12:19,31.65,0.15,20950.00,15:27,-148.85,-0.72,20938.45,2.45,-137.30,False
20231214,11:00,21189.55,09:59,21074.45,09:15,True,13:19,False,N/A,True,False,21210.90,13:44,21.35,0.1,21147.65,11:13,-41.90,-0.2,0.00,N/A,0.00,0.0,0.00,N/A,0.00,0.0,21195.15,5.60,0.00,False
20231215,11:00,21355.65,10:25,21235.30,09:40,True,13:52,False,N/A,True,False,21492.30,15:19,136.65,0.64,21301.35,11:04,-54.30,-0.25,0.00,N/A,0.00,0.0,0.00,N/A,0.00,0.0,21466.00,110.35,0.00,False
20231219,11:00,21480.00,09:15,21337.75,10:09,True,14:06,False,N/A,True,False,21505.05,14:36,25.05,0.12,21384.90,11:04,-95.10,-0.44,0.00,N/A,0.00,0.0,0.00,N/A,0.00,0.0,21449.40,-30.60,0.00,False
20231220,11:00,21593.00,09:40,21525.15,09:15,False,N/A,True,11:41,False,True,0.00,N/A,0.00,0.0,0.00,N/A,0.00,0.0,21087.35,15:29,437.80,2.03,21579.90,11:04,-54.75,-0.25,21098.15,0.00,427.00,False
20231221,11:00,21166.45,11:00,20976.80,09:15,True,11:01,False,N/A,True,False,21288.35,15:29,121.90,0.58,21118.40,11:17,-48.05,-0.23,0.00,N/A,0.00,0.0,0.00,N/A,0.00,0.0,21269.55,103.10,0.00,False
20231222,11:00,21385.10,11:00,21248.15,09:29,True,11:01,True,13:49,True,True,21390.50,11:01,5.40,0.03,21232.45,13:51,-152.65,-0.71,21232.45,13:51,15.70,0.07,21390.50,11:01,-142.35,-0.67,21333.90,-51.20,-85.75,False
20231226,11:00,21472.30,10:42,21329.45,09:15,True,12:25,False,N/A,True,False,21477.15,12:26,4.85,0.02,21410.50,13:04,-61.80,-0.29,0.00,N/A,0.00,0.0,0.00,N/A,0.00,0.0,21454.80,-17.50,0.00,False
20231227,11:00,21585.30,10:58,21495.80,09:15,True,11:28,False,N/A,True,False,21675.75,15:27,90.45,0.42,21505.10,13:37,-80.20,-0.37,0.00,N/A,0.00,0.0,0.00,N/A,0.00,0.0,21661.90,76.60,0.00,False
20231228,11:00,21759.05,09:51,21678.00,10:07,True,12:27,False,N/A,True,False,21801.45,15:28,42.40,0.19,21690.25,11:03,-68.80,-0.32,0.00,N/A,0.00,0.0,0.00,N/A,0.00,0.0,21793.80,34.75,0.00,False
20231229,11:00,21770.30,09:15,21680.10,10:15,False,N/A,True,14:24,False,False,0.00,N/A,0.00,0.0,0.00,N/A,0.00,0.0,21676.90,14:24,3.20,0.01,21758.50,15:01,-78.40,-0.36,21734.65,0.00,-54.55,False
